0 2849
1 3021
2 2694
3 3096
4 2818
5 2725
6 2951
7 3285
8 3082
9 2832
10 2960
11 2800
12 2929
13 3029
14 2909
15 2880
16 2754
17 2872
18 3232
19 3184
20 2948
21 3277
22 3297
23 2925
24 3397
25 2939
26 3185
27 3115
28 2927
29 3426
30 3333
31 3394
32 3087
33 3236
34 3327
35 2675
36 2863
37 3296
38 3293
39 3384
40 3005
41 3039
42 3428
43 3139
44 3198
45 3417
46 2944
47 2738
48 3399
49 2777
50 2894
51 3320
52 2793
53 2787
54 3377
55 2778
56 3101
57 3214
58 3090
59 2729
60 3085
61 2966
62 3033
63 2919
64 2893
65 2771
66 2749
67 2986
68 2829
69 2711
70 2755
71 3149
72 2887
73 3247
74 3347
75 3065
76 3286
77 3419
78 3319
79 3046
80 2773
81 2666
82 2706
83 2940
84 2852
85 3226
86 3316
87 3050
88 2667
89 3117
90 3173
91 2913
92 2676
93 2878
94 3249
95 2897
96 3119
97 3204
98 3351
99 2801
100 3256
101 3191
102 3203
103 2846
104 3321
105 3124
106 2803
107 3280
108 3132
109 3207
110 3042
111 2963
112 2987
113 2946
114 3335
115 2697
116 3292
117 3026
118 2786
119 3170
120 2875
121 3047
122 3108
123 2750
124 2908
125 3412
126 3056
127 3025
128 2679
129 2756
130 3098
131 2906
132 3120
133 2916
134 2680
135 2742
136 3350
137 2716
138 3051
139 3240
140 3331
141 1405
142 2905
143 3145
144 3045
145 2789
146 3182
147 3434
148 3420
149 2730
150 3106
151 3307
152 2847
153 3396
154 2936
155 3361
156 2764
157 3018
158 3248
159 2856
160 3156
161 2843
162 2945
163 3257
164 3263
165 3057
166 2888
167 3287
168 2840
169 2731
170 2821
171 2985
172 2698
173 3360
174 2989
175 2683
176 3301
177 2907
178 2928
179 3385
180 2795
181 3239
182 2661
183 2910
184 3233
185 3244
186 3391
187 3049
188 3392
189 3193
190 3054
191 2690
192 2844
193 3252
194 3355
195 2718
196 3136
197 3152
198 3366
199 3346
200 2904
201 3150
202 3102
203 3169
204 3178
205 3208
206 3267
207 3116
208 3386
209 2665
210 3332
211 3243
212 2886
213 2999
214 2708
215 3016
216 3342
217 3022
218 3306
219 3298
220 3411
221 2833
222 2994
223 3416
224 3064
225 2689
226 3104
227 3364
228 3302
229 3291
230 2783
231 2734
232 2828
233 3353
234 3035
235 3043
236 2871
237 2739
238 3324
239 3339
240 3345
241 3299
242 2757
243 3288
244 3234
245 2992
246 2854
247 2724
248 3425
249 3402
250 2920
251 3095
252 2877
253 3060
254 2782
255 3000
256 3174
257 3094
258 2765
259 2869
260 2991
261 3078
262 2717
263 3225
264 3024
265 3231
266 2943
267 3009
268 2901
269 3107
270 3343
271 3253
272 3086
273 2688
274 3068
275 3415
276 3406
277 2794
278 3073
279 3374
280 2964
281 2715
282 2865
283 2748
284 3215
285 2978
286 3430
287 3077
288 2968
289 3167
290 3040
291 2918
292 2890
293 2892
294 3074
295 3127
296 3289
297 2955
298 2813
299 2827
300 3118
301 3019
302 3380
303 2780
304 3262
305 2772
306 2835
307 2763
308 2662
309 3206
310 3176
311 3201
312 3114
313 2726
314 2953
315 3330
316 3137
317 3328
318 3144
319 3369
320 3079
321 2719
322 3403
323 3044
324 3273
325 2728
326 2864
327 3387
328 3237
329 3014
330 3219
331 3076
332 2720
333 3344
334 3348
335 2741
336 2839
337 2810
338 2911
339 3414
340 3259
341 3189
342 2745
343 2853
344 3158
345 3123
346 3295
347 3001
348 3075
349 2921
350 2820
351 2896
352 2988
353 2873
354 2702
355 2874
356 3013
357 2687
358 3099
359 3242
360 3138
361 3162
362 2923
363 2677
364 3379
365 2759
366 3278
367 1534
368 2851
369 2938
370 3113
371 3378
372 2866
373 2760
374 2790
375 2867
376 2834
377 3423
378 2891
379 2870
380 3246
381 2912
382 2956
383 3241
384 3363
385 3315
386 3017
387 3172
388 3112
389 2883
390 2669
391 2831
392 3326
393 2781
394 3129
395 3362
396 3223
397 2996
398 3341
399 2997
400 2933
401 2973
402 3212
403 2950
404 3111
405 1758
406 3218
407 3053
408 2758
409 2672
410 3261
411 3318
412 2700
413 3100
414 2815
415 3266
416 3398
417 3435
418 3222
419 2751
420 3192
421 3422
422 3069
423 3258
424 2937
425 2733
426 2696
427 2830
428 3154
429 2753
430 2796
431 2931
432 2682
433 3313
434 3227
435 2674
436 3032
437 3352
438 3188
439 3337
440 3356
441 1450
442 3166
443 3312
444 3160
445 1642
446 2993
447 2806
448 3213
449 2770
450 2848
451 3004
452 3300
453 3059
454 2969
455 3135
456 3146
457 2862
458 3070
459 2915
460 3180
461 2732
462 3365
463 3400
464 2819
465 3309
466 2879
467 3418
468 2967
469 3092
470 2673
471 2785
472 3027
473 3171
474 2841
475 2962
476 2934
477 3023
478 3433
479 3195
480 2816
481 3220
482 2974
483 3228
484 2735
485 2709
486 3002
487 2965
488 3390
489 3084
490 1505
491 3245
492 3010
493 1666
494 3080
495 2712
496 3373
497 3265
498 3164
499 3151
500 3421
501 3148
502 3284
503 3370
504 3093
505 3041
506 107
507 1726
508 2681
509 2746
510 3142
511 3008
512 2958
513 3130
514 3393
515 2707
516 3036
517 3272
518 2932
519 3255
520 2850
521 3181
522 3179
523 3052
524 3034
525 3323
526 3274
527 3264
528 3196
529 2930
530 3011
531 3097
532 3177
533 2941
534 2664
535 2855
536 3072
537 2959
538 3325
539 3254
540 990
541 3216
542 3141
543 3304
544 3381
545 2685
546 3109
547 2668
548 3140
549 2723
550 2836
551 3367
552 2976
553 2686
554 3168
555 3405
556 2900
557 3413
558 3187
559 3081
560 3283
561 3165
562 2768
563 2701
564 2727
565 2982
566 2693
567 2984
568 2980
569 2699
570 2703
571 3089
572 2797
573 2917
574 3235
575 3224
576 2845
577 3186
578 2809
579 3388
580 3003
581 171
582 2825
583 2762
584 3275
585 2924
586 3221
587 2990
588 3279
589 3303
590 3250
591 3431
592 3329
593 3368
594 3359
595 3103
596 3038
597 3200
598 3122
599 3276
600 3147
601 2774
602 2791
603 3083
604 2983
605 3404
606 2861
607 3354
608 2949
609 3194
610 3311
611 3382
612 2737
613 2775
614 3055
615 2817
616 2881
617 2977
618 3062
619 3395
620 3260
621 2957
622 2914
623 2889
624 3349
625 2979
626 3209
627 3371
628 2961
629 3294
630 2882
631 2823
632 2752
633 2705
634 3429
635 3157
636 3199
637 3205
638 3163
639 3211
640 2710
641 2970
642 2769
643 3217
644 2868
645 3401
646 3317
647 2744
648 3066
649 3336
650 3210
651 3238
652 3161
653 3058
654 2684
655 2678
656 2972
657 2826
658 1171
659 3383
660 3133
661 3159
662 3020
663 2895
664 2885
665 3061
666 2663
667 3015
668 2766
669 3048
670 3229
671 2743
672 2981
673 3007
674 2779
675 3202
676 2859
677 2671
678 2721
679 3357
680 2784
681 3121
682 2808
683 2837
684 3030
685 3334
686 3110
687 3410
688 2822
689 3128
690 2935
691 2903
692 2952
693 1656
694 2824
695 3314
696 2858
697 3067
698 2670
699 2799
700 2898
701 3155
702 2761
703 2812
704 3376
705 2902
706 3088
707 2954
708 3389
709 3126
710 2899
711 2713
712 2942
713 2692
714 2767
715 2807
716 2947
717 2876
718 3358
719 3281
720 2995
721 1419
722 2747
723 2926
724 3340
725 3251
726 3105
727 2971
728 3012
729 3424
730 3197
731 3372
732 3131
733 3409
734 3269
735 58
736 3290
737 3427
738 3153
739 3432
740 2804
741 2811
742 2736
743 2805
744 2695
745 3143
746 3175
747 3310
748 3125
749 3028
750 3308
751 3190
752 3091
753 3305
754 2798
755 2922
756 3408
757 2838
758 2740
759 3338
760 2802
761 3063
762 3436
763 2884
764 3322
765 2722
766 2714
767 3282
768 2814
769 3270
770 2776
771 2975
772 3006
773 2860
774 3037
775 2691
776 2792
777 2998
778 3268
779 3407
780 3271
781 2857
782 3375
783 2788
784 2704
785 3134
