2849 0
3021 1
2694 2
3096 3
2818 4
2725 5
2951 6
3285 7
3082 8
2832 9
2960 10
2800 11
2929 12
3029 13
2909 14
2880 15
2754 16
2872 17
3232 18
3184 19
2948 20
3277 21
3297 22
2925 23
3397 24
2939 25
3185 26
3115 27
2927 28
3426 29
3333 30
3394 31
3087 32
3236 33
3327 34
2675 35
2863 36
3296 37
3293 38
3384 39
3005 40
3039 41
3428 42
3139 43
3198 44
3417 45
2944 46
2738 47
3399 48
2777 49
2894 50
3320 51
2793 52
2787 53
3377 54
2778 55
3101 56
3214 57
3090 58
2729 59
3085 60
2966 61
3033 62
2919 63
2893 64
2771 65
2749 66
2986 67
2829 68
2711 69
2755 70
3149 71
2887 72
3247 73
3347 74
3065 75
3286 76
3419 77
3319 78
3046 79
2773 80
2666 81
2706 82
2940 83
2852 84
3226 85
3316 86
3050 87
2667 88
3117 89
3173 90
2913 91
2676 92
2878 93
3249 94
2897 95
3119 96
3204 97
3351 98
2801 99
3256 100
3191 101
3203 102
2846 103
3321 104
3124 105
2803 106
3280 107
3132 108
3207 109
3042 110
2963 111
2987 112
2946 113
3335 114
2697 115
3292 116
3026 117
2786 118
3170 119
2875 120
3047 121
3108 122
2750 123
2908 124
3412 125
3056 126
3025 127
2679 128
2756 129
3098 130
2906 131
3120 132
2916 133
2680 134
2742 135
3350 136
2716 137
3051 138
3240 139
3331 140
1405 141
2905 142
3145 143
3045 144
2789 145
3182 146
3434 147
3420 148
2730 149
3106 150
3307 151
2847 152
3396 153
2936 154
3361 155
2764 156
3018 157
3248 158
2856 159
3156 160
2843 161
2945 162
3257 163
3263 164
3057 165
2888 166
3287 167
2840 168
2731 169
2821 170
2985 171
2698 172
3360 173
2989 174
2683 175
3301 176
2907 177
2928 178
3385 179
2795 180
3239 181
2661 182
2910 183
3233 184
3244 185
3391 186
3049 187
3392 188
3193 189
3054 190
2690 191
2844 192
3252 193
3355 194
2718 195
3136 196
3152 197
3366 198
3346 199
2904 200
3150 201
3102 202
3169 203
3178 204
3208 205
3267 206
3116 207
3386 208
2665 209
3332 210
3243 211
2886 212
2999 213
2708 214
3016 215
3342 216
3022 217
3306 218
3298 219
3411 220
2833 221
2994 222
3416 223
3064 224
2689 225
3104 226
3364 227
3302 228
3291 229
2783 230
2734 231
2828 232
3353 233
3035 234
3043 235
2871 236
2739 237
3324 238
3339 239
3345 240
3299 241
2757 242
3288 243
3234 244
2992 245
2854 246
2724 247
3425 248
3402 249
2920 250
3095 251
2877 252
3060 253
2782 254
3000 255
3174 256
3094 257
2765 258
2869 259
2991 260
3078 261
2717 262
3225 263
3024 264
3231 265
2943 266
3009 267
2901 268
3107 269
3343 270
3253 271
3086 272
2688 273
3068 274
3415 275
3406 276
2794 277
3073 278
3374 279
2964 280
2715 281
2865 282
2748 283
3215 284
2978 285
3430 286
3077 287
2968 288
3167 289
3040 290
2918 291
2890 292
2892 293
3074 294
3127 295
3289 296
2955 297
2813 298
2827 299
3118 300
3019 301
3380 302
2780 303
3262 304
2772 305
2835 306
2763 307
2662 308
3206 309
3176 310
3201 311
3114 312
2726 313
2953 314
3330 315
3137 316
3328 317
3144 318
3369 319
3079 320
2719 321
3403 322
3044 323
3273 324
2728 325
2864 326
3387 327
3237 328
3014 329
3219 330
3076 331
2720 332
3344 333
3348 334
2741 335
2839 336
2810 337
2911 338
3414 339
3259 340
3189 341
2745 342
2853 343
3158 344
3123 345
3295 346
3001 347
3075 348
2921 349
2820 350
2896 351
2988 352
2873 353
2702 354
2874 355
3013 356
2687 357
3099 358
3242 359
3138 360
3162 361
2923 362
2677 363
3379 364
2759 365
3278 366
1534 367
2851 368
2938 369
3113 370
3378 371
2866 372
2760 373
2790 374
2867 375
2834 376
3423 377
2891 378
2870 379
3246 380
2912 381
2956 382
3241 383
3363 384
3315 385
3017 386
3172 387
3112 388
2883 389
2669 390
2831 391
3326 392
2781 393
3129 394
3362 395
3223 396
2996 397
3341 398
2997 399
2933 400
2973 401
3212 402
2950 403
3111 404
1758 405
3218 406
3053 407
2758 408
2672 409
3261 410
3318 411
2700 412
3100 413
2815 414
3266 415
3398 416
3435 417
3222 418
2751 419
3192 420
3422 421
3069 422
3258 423
2937 424
2733 425
2696 426
2830 427
3154 428
2753 429
2796 430
2931 431
2682 432
3313 433
3227 434
2674 435
3032 436
3352 437
3188 438
3337 439
3356 440
1450 441
3166 442
3312 443
3160 444
1642 445
2993 446
2806 447
3213 448
2770 449
2848 450
3004 451
3300 452
3059 453
2969 454
3135 455
3146 456
2862 457
3070 458
2915 459
3180 460
2732 461
3365 462
3400 463
2819 464
3309 465
2879 466
3418 467
2967 468
3092 469
2673 470
2785 471
3027 472
3171 473
2841 474
2962 475
2934 476
3023 477
3433 478
3195 479
2816 480
3220 481
2974 482
3228 483
2735 484
2709 485
3002 486
2965 487
3390 488
3084 489
1505 490
3245 491
3010 492
1666 493
3080 494
2712 495
3373 496
3265 497
3164 498
3151 499
3421 500
3148 501
3284 502
3370 503
3093 504
3041 505
107 506
1726 507
2681 508
2746 509
3142 510
3008 511
2958 512
3130 513
3393 514
2707 515
3036 516
3272 517
2932 518
3255 519
2850 520
3181 521
3179 522
3052 523
3034 524
3323 525
3274 526
3264 527
3196 528
2930 529
3011 530
3097 531
3177 532
2941 533
2664 534
2855 535
3072 536
2959 537
3325 538
3254 539
990 540
3216 541
3141 542
3304 543
3381 544
2685 545
3109 546
2668 547
3140 548
2723 549
2836 550
3367 551
2976 552
2686 553
3168 554
3405 555
2900 556
3413 557
3187 558
3081 559
3283 560
3165 561
2768 562
2701 563
2727 564
2982 565
2693 566
2984 567
2980 568
2699 569
2703 570
3089 571
2797 572
2917 573
3235 574
3224 575
2845 576
3186 577
2809 578
3388 579
3003 580
171 581
2825 582
2762 583
3275 584
2924 585
3221 586
2990 587
3279 588
3303 589
3250 590
3431 591
3329 592
3368 593
3359 594
3103 595
3038 596
3200 597
3122 598
3276 599
3147 600
2774 601
2791 602
3083 603
2983 604
3404 605
2861 606
3354 607
2949 608
3194 609
3311 610
3382 611
2737 612
2775 613
3055 614
2817 615
2881 616
2977 617
3062 618
3395 619
3260 620
2957 621
2914 622
2889 623
3349 624
2979 625
3209 626
3371 627
2961 628
3294 629
2882 630
2823 631
2752 632
2705 633
3429 634
3157 635
3199 636
3205 637
3163 638
3211 639
2710 640
2970 641
2769 642
3217 643
2868 644
3401 645
3317 646
2744 647
3066 648
3336 649
3210 650
3238 651
3161 652
3058 653
2684 654
2678 655
2972 656
2826 657
1171 658
3383 659
3133 660
3159 661
3020 662
2895 663
2885 664
3061 665
2663 666
3015 667
2766 668
3048 669
3229 670
2743 671
2981 672
3007 673
2779 674
3202 675
2859 676
2671 677
2721 678
3357 679
2784 680
3121 681
2808 682
2837 683
3030 684
3334 685
3110 686
3410 687
2822 688
3128 689
2935 690
2903 691
2952 692
1656 693
2824 694
3314 695
2858 696
3067 697
2670 698
2799 699
2898 700
3155 701
2761 702
2812 703
3376 704
2902 705
3088 706
2954 707
3389 708
3126 709
2899 710
2713 711
2942 712
2692 713
2767 714
2807 715
2947 716
2876 717
3358 718
3281 719
2995 720
1419 721
2747 722
2926 723
3340 724
3251 725
3105 726
2971 727
3012 728
3424 729
3197 730
3372 731
3131 732
3409 733
3269 734
58 735
3290 736
3427 737
3153 738
3432 739
2804 740
2811 741
2736 742
2805 743
2695 744
3143 745
3175 746
3310 747
3125 748
3028 749
3308 750
3190 751
3091 752
3305 753
2798 754
2922 755
3408 756
2838 757
2740 758
3338 759
2802 760
3063 761
3436 762
2884 763
3322 764
2722 765
2714 766
3282 767
2814 768
3270 769
2776 770
2975 771
3006 772
2860 773
3037 774
2691 775
2792 776
2998 777
3268 778
3407 779
3271 780
2857 781
3375 782
2788 783
2704 784
3134 785
